2019-04-15 17:04:18
收到回复：烧写码盘偏心表成功。前10个数据如下：
0	 0	 0	 0	 0	 0	 0	 0	 0	 0	 
2019-04-15 17:04:18
收到回复：烧写码盘偏心表成功。前10个数据如下：
0	 0	 0	 0	 0	 0	 0	 0	 0	 0	 
2019-04-15 17:04:18
收到回复：烧写码盘偏心表成功。前10个数据如下：
0	 0	 0	 0	 0	 0	 0	 0	 0	 0	 
2019-04-15 17:04:21
收到回复：有修正表，前10个数据如下：
5264	 5329	 5394	 5458	 5521	 5584	 5647	 5709	 5771	 5833	 
2019-04-15 17:04:21
收到回复：有修正表，前10个数据如下：
5264	 5329	 5394	 5458	 5521	 5584	 5647	 5709	 5771	 5833	 
2019-04-15 17:04:23
收到回复：烧写反射率表成功。前10个数据如下：
-29	 -27	 -26	 -25	 -24	 -23	 -21	 -20	 -19	 -18	 
2019-04-15 17:04:24
收到回复：烧写反射率表成功。前10个数据如下：
-29	 -27	 -26	 -25	 -24	 -23	 -21	 -20	 -19	 -18	 
2019-04-15 17:07:02
收到回复：有修正表，前10个数据如下：
15083	 15010	 14938	 14866	 14795	 14725	 14656	 14588	 14520	 14453	 
2019-04-15 17:07:04
收到回复：烧写反射率表成功。前10个数据如下：
-29	 -27	 -26	 -25	 -24	 -23	 -21	 -20	 -19	 -18	 
2019-04-15 17:07:07
收到回复：烧写码盘偏心表成功。前10个数据如下：
0	 0	 0	 0	 0	 0	 0	 0	 0	 0	 
2019-04-15 17:10:05
收到回复：烧写码盘偏心表成功。前10个数据如下：
0	 0	 0	 0	 0	 0	 0	 0	 0	 0	 
2019-04-15 17:10:08
收到回复：有修正表，前10个数据如下：
12056	 12022	 11989	 11956	 11923	 11891	 11859	 11828	 11797	 11767	 
2019-04-15 17:10:10
收到回复：烧写反射率表成功。前10个数据如下：
-29	 -27	 -26	 -25	 -24	 -23	 -21	 -20	 -19	 -18	 
2019-04-15 17:12:37
收到回复：烧写反射率表成功。前10个数据如下：
-29	 -27	 -26	 -25	 -24	 -23	 -21	 -20	 -19	 -18	 
2019-04-15 17:12:39
收到回复：有修正表，前10个数据如下：
7140	 7172	 7205	 7237	 7268	 7300	 7332	 7363	 7394	 7425	 
2019-04-15 17:12:43
收到回复：烧写码盘偏心表成功。前10个数据如下：
0	 0	 0	 0	 0	 0	 0	 0	 0	 0	 
