2019-04-15 15:36:06
收到回复：有修正表，前10个数据如下：
5366	 5425	 5483	 5542	 5600	 5657	 5714	 5771	 5827	 5883	 
2019-04-15 15:36:09
收到回复：烧写反射率表成功。前10个数据如下：
-29	 -27	 -26	 -25	 -24	 -23	 -21	 -20	 -19	 -18	 
2019-04-15 15:36:11
收到回复：烧写码盘偏心表成功。前10个数据如下：
0	 0	 0	 0	 0	 0	 0	 0	 0	 0	 
2019-04-15 15:36:53
收到回复：有修正表，前10个数据如下：
9392	 9400	 9408	 9416	 9424	 9432	 9440	 9448	 9456	 9464	 
2019-04-15 15:36:55
收到回复：烧写反射率表成功。前10个数据如下：
-29	 -27	 -26	 -25	 -24	 -23	 -21	 -20	 -19	 -18	 
2019-04-15 15:36:57
收到回复：烧写码盘偏心表成功。前10个数据如下：
0	 0	 0	 0	 0	 0	 0	 0	 0	 0	 
2019-04-15 15:56:14
发送连续获取命令
2019-04-15 15:56:17
发送停止获取命令
2019-04-15 15:56:21
收到回复：有修正表，前10个数据如下：
9178	 9180	 9182	 9185	 9187	 9190	 9193	 9196	 9199	 9202	 
2019-04-15 15:56:24
收到回复：烧写反射率表成功。前10个数据如下：
-29	 -27	 -26	 -25	 -24	 -23	 -21	 -20	 -19	 -18	 
2019-04-15 15:56:26
收到回复：烧写码盘偏心表成功。前10个数据如下：
0	 0	 0	 0	 0	 0	 0	 0	 0	 0	 
2019-04-15 15:58:58
收到回复：烧写码盘偏心表成功。前10个数据如下：
0	 0	 0	 0	 0	 0	 0	 0	 0	 0	 
2019-04-15 15:59:02
收到回复：有修正表，前10个数据如下：
18431	 18323	 18216	 18110	 18005	 17901	 17798	 17696	 17595	 17496	 
2019-04-15 15:59:04
收到回复：烧写反射率表成功。前10个数据如下：
-29	 -27	 -26	 -25	 -24	 -23	 -21	 -20	 -19	 -18	 
